6.45837752308 -111.841986247 9.53780226957
6.32005795849 -111.882912113 9.54176901181
6.45837752308 -111.841986247 9.53780226957
7.99716344324 -85.8796678629 9.70799673032
7.79568067738 -85.7767269710 9.71514075243
7.99716344324 -85.8796678629 9.70799673032
23.9955940943 -71.9629532914 9.32635366953
23.9955940943 -71.9629532914 7.32635366953
7.99716344324 -85.8796678629 7.70799673032
7.79568067738 -85.7767269710 7.71514075243
7.99716344324 -85.8796678629 7.70799673032
6.45837752308 -111.841986247 7.53780226957
6.32005795849 -111.882912113 7.54176901181
6.45837752308 -111.841986247 7.53780226957
20.1789973193 -132.057044216 6.94035168963
20.1789973193 -132.057044216 4.94035168963
6.45837752308 -111.841986247 5.53780226957
6.32005795849 -111.882912113 5.54176901181
6.45837752308 -111.841986247 5.53780226957
7.99716344324 -85.8796678629 5.70799673032
7.79568067738 -85.7767269710 5.71514075243
7.99716344324 -85.8796678629 5.70799673032
23.9955940943 -71.9629532914 5.32635366953
23.9955940943 -71.9629532914 3.32635366953
7.99716344324 -85.8796678629 3.70799673032
7.79568067738 -85.7767269710 3.71514075243
7.99716344324 -85.8796678629 3.70799673032
6.45837752308 -111.841986247 3.53780226957
6.32005795849 -111.882912113 3.54176901181
6.45837752308 -111.841986247 3.53780226957
20.1789973193 -132.057044216 2.94035168963
20.1789973193 -132.057044216 0.940351689627
6.45837752308 -111.841986247 1.53780226957
6.32005795849 -111.882912113 1.54176901181
6.45837752308 -111.841986247 1.53780226957
7.99716344324 -85.8796678629 1.70799673032
7.79568067738 -85.7767269710 1.71514075243
7.99716344324 -85.8796678629 1.70799673032
23.9955940943 -71.9629532914 1.32635366953
23.9955940943 -71.9629532914 -0.673646330467
7.99716344324 -85.8796678629 -0.292003269684
7.79568067738 -85.7767269710 -0.284859247569
7.99716344324 -85.8796678629 -0.292003269684
6.45837752308 -111.841986247 -0.462197730429
6.32005795849 -111.882912113 -0.45823098819
6.45837752308 -111.841986247 -0.462197730429
20.1789973193 -132.057044216 -1.05964831037
20.1789973193 -132.057044216 -3.05964831037
6.45837752308 -111.841986247 -2.46219773043
6.32005795849 -111.882912113 -2.45823098819
6.45837752308 -111.841986247 -2.46219773043
7.99716344324 -85.8796678629 -2.29200326968
7.79568067738 -85.7767269710 -2.28485924757
7.99716344324 -85.8796678629 -2.29200326968
23.9955940943 -71.9629532914 -2.67364633047
23.9955940943 -71.9629532914 -4.67364633047
7.99716344324 -85.8796678629 -4.29200326968
7.79568067738 -85.7767269710 -4.28485924757
7.99716344324 -85.8796678629 -4.29200326968
6.45837752308 -111.841986247 -4.46219773043
6.32005795849 -111.882912113 -4.45823098819
6.45837752308 -111.841986247 -4.46219773043
20.1789973193 -132.057044216 -5.05964831037
20.1789973193 -132.057044216 -7.05964831037
6.45837752308 -111.841986247 -6.46219773043
6.32005795849 -111.882912113 -6.45823098819
6.45837752308 -111.841986247 -6.46219773043
7.99716344324 -85.8796678629 -6.29200326968
7.79568067738 -85.7767269710 -6.28485924757
7.99716344324 -85.8796678629 -6.29200326968
23.9955940943 -71.9629532914 -6.67364633047
23.9955940943 -71.9629532914 -8.67364633047
7.99716344324 -85.8796678629 -8.29200326968
7.79568067738 -85.7767269710 -8.28485924757
7.99716344324 -85.8796678629 -8.29200326968
6.45837752308 -111.841986247 -8.46219773043
6.32005795849 -111.882912113 -8.45823098819
6.45837752308 -111.841986247 -8.46219773043
20.1789973193 -132.057044216 -9.05964831037
20.1789973193 -132.057044216 -11.0596483104
6.45837752308 -111.841986247 -10.4621977304
6.32005795849 -111.882912113 -10.4582309882
6.45837752308 -111.841986247 -10.4621977304
7.99716344324 -85.8796678629 -10.2920032697
7.79568067738 -85.7767269710 -10.2848592476
7.99716344324 -85.8796678629 -10.2920032697
23.9955940943 -71.9629532914 -10.6736463305
23.9955940943 -71.9629532914 -12.6736463305
7.99716344324 -85.8796678629 -12.2920032697
7.79568067738 -85.7767269710 -12.2848592476
7.99716344324 -85.8796678629 -12.2920032697
6.45837752308 -111.841986247 -12.4621977304
6.32005795849 -111.882912113 -12.4582309882
6.45837752308 -111.841986247 -12.4621977304
20.1789973193 -132.057044216 -13.0596483104
20.1789973193 -132.057044216 -15.0596483104
6.45837752308 -111.841986247 -14.4621977304
6.32005795849 -111.882912113 -14.4582309882
6.45837752308 -111.841986247 -14.4621977304
7.99716344324 -85.8796678629 -14.2920032697
7.79568067738 -85.7767269710 -14.2848592476
7.99716344324 -85.8796678629 -14.2920032697
23.9955940943 -71.9629532914 -14.6736463305
23.9955940943 -71.9629532914 -16.6736463305
7.99716344324 -85.8796678629 -16.2920032697
7.79568067738 -85.7767269710 -16.2848592476
7.99716344324 -85.8796678629 -16.2920032697
6.45837752308 -111.841986247 -16.4621977304
6.32005795849 -111.882912113 -16.4582309882
6.45837752308 -111.841986247 -16.4621977304
20.1789973193 -132.057044216 -17.0596483104
20.1789973193 -132.057044216 -19.0596483104
6.45837752308 -111.841986247 -18.4621977304
6.32005795849 -111.882912113 -18.4582309882
6.45837752308 -111.841986247 -18.4621977304
7.99716344324 -85.8796678629 -18.2920032697
7.79568067738 -85.7767269710 -18.2848592476
7.99716344324 -85.8796678629 -18.2920032697
23.9955940943 -71.9629532914 -18.6736463305
23.9955940943 -71.9629532914 -20.6736463305
7.99716344324 -85.8796678629 -20.2920032697
7.79568067738 -85.7767269710 -20.2848592476
7.99716344324 -85.8796678629 -20.2920032697
6.45837752308 -111.841986247 -20.4621977304
6.32005795849 -111.882912113 -20.4582309882
6.45837752308 -111.841986247 -20.4621977304
20.1789973193 -132.057044216 -21.0596483104
20.1789973193 -132.057044216 -23.0596483104
6.45837752308 -111.841986247 -22.4621977304
6.32005795849 -111.882912113 -22.4582309882
6.45837752308 -111.841986247 -22.4621977304
7.99716344324 -85.8796678629 -22.2920032697
7.79568067738 -85.7767269710 -22.2848592476
7.99716344324 -85.8796678629 -22.2920032697
23.9955940943 -71.9629532914 -22.6736463305
23.9955940943 -71.9629532914 -24.6736463305
7.99716344324 -85.8796678629 -24.2920032697
7.79568067738 -85.7767269710 -24.2848592476
7.99716344324 -85.8796678629 -24.2920032697
6.45837752308 -111.841986247 -24.4621977304
6.32005795849 -111.882912113 -24.4582309882
6.45837752308 -111.841986247 -24.4621977304
20.1789973193 -132.057044216 -25.0596483104
20.1789973193 -132.057044216 -27.0596483104
6.45837752308 -111.841986247 -26.4621977304
6.32005795849 -111.882912113 -26.4582309882
6.45837752308 -111.841986247 -26.4621977304
7.99716344324 -85.8796678629 -26.2920032697
7.79568067738 -85.7767269710 -26.2848592476
7.99716344324 -85.8796678629 -26.2920032697
23.9955940943 -71.9629532914 -26.6736463305
23.9955940943 -71.9629532914 -28.6736463305
7.99716344324 -85.8796678629 -28.2920032697
7.79568067738 -85.7767269710 -28.2848592476
7.99716344324 -85.8796678629 -28.2920032697
6.45837752308 -111.841986247 -28.4621977304
6.32005795849 -111.882912113 -28.4582309882
6.45837752308 -111.841986247 -28.4621977304
20.1789973193 -132.057044216 -29.0596483104
20.1789973193 -132.057044216 -31.0596483104
6.45837752308 -111.841986247 -30.4621977304
6.32005795849 -111.882912113 -30.4582309882
6.45837752308 -111.841986247 -30.4621977304
7.99716344324 -85.8796678629 -30.2920032697
7.79568067738 -85.7767269710 -30.2848592476
7.99716344324 -85.8796678629 -30.2920032697
23.9955940943 -71.9629532914 -30.6736463305
23.9955940943 -71.9629532914 -32.6736463305
7.99716344324 -85.8796678629 -32.2920032697
7.79568067738 -85.7767269710 -32.2848592476
7.99716344324 -85.8796678629 -32.2920032697
6.45837752308 -111.841986247 -32.4621977304
6.32005795849 -111.882912113 -32.4582309882
6.45837752308 -111.841986247 -32.4621977304
20.1789973193 -132.057044216 -33.0596483104
20.1789973193 -132.057044216 -35.0596483104
6.45837752308 -111.841986247 -34.4621977304
6.32005795849 -111.882912113 -34.4582309882
6.45837752308 -111.841986247 -34.4621977304
7.99716344324 -85.8796678629 -34.2920032697
7.79568067738 -85.7767269710 -34.2848592476
7.99716344324 -85.8796678629 -34.2920032697
23.9955940943 -71.9629532914 -34.6736463305
23.9955940943 -71.9629532914 -36.6736463305
7.99716344324 -85.8796678629 -36.2920032697
7.79568067738 -85.7767269710 -36.2848592476
7.99716344324 -85.8796678629 -36.2920032697
6.45837752308 -111.841986247 -36.4621977304
6.32005795849 -111.882912113 -36.4582309882
6.45837752308 -111.841986247 -36.4621977304
20.1789973193 -132.057044216 -37.0596483104
20.1789973193 -132.057044216 -39.0596483104
6.45837752308 -111.841986247 -38.4621977304
6.32005795849 -111.882912113 -38.4582309882
6.45837752308 -111.841986247 -38.4621977304
7.99716344324 -85.8796678629 -38.2920032697
7.79568067738 -85.7767269710 -38.2848592476
7.99716344324 -85.8796678629 -38.2920032697
23.9955940943 -71.9629532914 -38.6736463305
23.9955940943 -71.9629532914 -40.6736463305
7.99716344324 -85.8796678629 -40.2920032697
7.79568067738 -85.7767269710 -40.2848592476
7.99716344324 -85.8796678629 -40.2920032697
6.45837752308 -111.841986247 -40.4621977304
6.32005795849 -111.882912113 -40.4582309882
6.45837752308 -111.841986247 -40.4621977304
