-23.7835356054 -105.840485494 10.5306962930
-23.5820528395 -105.943426386 10.5235522709
-23.7835356054 -105.840485494 10.5306962930
-22.2447496852 -79.8781671095 10.7008907538
-22.1064301207 -79.8372412437 10.6969240115
-22.2447496852 -79.8781671095 10.7008907538
-35.9653694815 -59.6631091407 11.2983413337
-35.9653694815 -59.6631091407 9.29834133373
-22.2447496852 -79.8781671095 8.70089075378
-22.1064301207 -79.8372412437 8.69692401155
-22.2447496852 -79.8781671095 8.70089075378
-23.7835356054 -105.840485494 8.53069629304
-23.5820528395 -105.943426386 8.52355227093
-23.7835356054 -105.840485494 8.53069629304
-39.7819662565 -119.757200066 8.91233935382
-39.7819662565 -119.757200066 6.91233935382
-23.7835356054 -105.840485494 6.53069629304
-23.5820528395 -105.943426386 6.52355227093
-23.7835356054 -105.840485494 6.53069629304
-22.2447496852 -79.8781671095 6.70089075378
-22.1064301207 -79.8372412437 6.69692401155
-22.2447496852 -79.8781671095 6.70089075378
-35.9653694815 -59.6631091407 7.29834133373
-35.9653694815 -59.6631091407 5.29834133373
-22.2447496852 -79.8781671095 4.70089075378
-22.1064301207 -79.8372412437 4.69692401155
-22.2447496852 -79.8781671095 4.70089075378
-23.7835356054 -105.840485494 4.53069629304
-23.5820528395 -105.943426386 4.52355227093
-23.7835356054 -105.840485494 4.53069629304
-39.7819662565 -119.757200066 4.91233935382
-39.7819662565 -119.757200066 2.91233935382
-23.7835356054 -105.840485494 2.53069629304
-23.5820528395 -105.943426386 2.52355227093
-23.7835356054 -105.840485494 2.53069629304
-22.2447496852 -79.8781671095 2.70089075378
-22.1064301207 -79.8372412437 2.69692401155
-22.2447496852 -79.8781671095 2.70089075378
-35.9653694815 -59.6631091407 3.29834133373
-35.9653694815 -59.6631091407 1.29834133373
-22.2447496852 -79.8781671095 0.700890753785
-22.1064301207 -79.8372412437 0.696924011546
-22.2447496852 -79.8781671095 0.700890753785
-23.7835356054 -105.840485494 0.53069629304
-23.5820528395 -105.943426386 0.523552270925
-23.7835356054 -105.840485494 0.53069629304
-39.7819662565 -119.757200066 0.912339353823
-39.7819662565 -119.757200066 -1.08766064618
-23.7835356054 -105.840485494 -1.46930370696
-23.5820528395 -105.943426386 -1.47644772907
-23.7835356054 -105.840485494 -1.46930370696
-22.2447496852 -79.8781671095 -1.29910924622
-22.1064301207 -79.8372412437 -1.30307598845
-22.2447496852 -79.8781671095 -1.29910924622
-35.9653694815 -59.6631091407 -0.701658666271
-35.9653694815 -59.6631091407 -2.70165866627
-22.2447496852 -79.8781671095 -3.29910924622
-22.1064301207 -79.8372412437 -3.30307598845
-22.2447496852 -79.8781671095 -3.29910924622
-23.7835356054 -105.840485494 -3.46930370696
-23.5820528395 -105.943426386 -3.47644772907
-23.7835356054 -105.840485494 -3.46930370696
-39.7819662565 -119.757200066 -3.08766064618
-39.7819662565 -119.757200066 -5.08766064618
-23.7835356054 -105.840485494 -5.46930370696
-23.5820528395 -105.943426386 -5.47644772907
-23.7835356054 -105.840485494 -5.46930370696
-22.2447496852 -79.8781671095 -5.29910924622
-22.1064301207 -79.8372412437 -5.30307598845
-22.2447496852 -79.8781671095 -5.29910924622
-35.9653694815 -59.6631091407 -4.70165866627
-35.9653694815 -59.6631091407 -6.70165866627
-22.2447496852 -79.8781671095 -7.29910924622
-22.1064301207 -79.8372412437 -7.30307598845
-22.2447496852 -79.8781671095 -7.29910924622
-23.7835356054 -105.840485494 -7.46930370696
-23.5820528395 -105.943426386 -7.47644772907
-23.7835356054 -105.840485494 -7.46930370696
-39.7819662565 -119.757200066 -7.08766064618
-39.7819662565 -119.757200066 -9.08766064618
-23.7835356054 -105.840485494 -9.46930370696
-23.5820528395 -105.943426386 -9.47644772907
-23.7835356054 -105.840485494 -9.46930370696
-22.2447496852 -79.8781671095 -9.29910924622
-22.1064301207 -79.8372412437 -9.30307598845
-22.2447496852 -79.8781671095 -9.29910924622
-35.9653694815 -59.6631091407 -8.70165866627
-35.9653694815 -59.6631091407 -10.7016586663
-22.2447496852 -79.8781671095 -11.2991092462
-22.1064301207 -79.8372412437 -11.3030759885
-22.2447496852 -79.8781671095 -11.2991092462
-23.7835356054 -105.840485494 -11.4693037070
-23.5820528395 -105.943426386 -11.4764477291
-23.7835356054 -105.840485494 -11.4693037070
-39.7819662565 -119.757200066 -11.0876606462
-39.7819662565 -119.757200066 -13.0876606462
-23.7835356054 -105.840485494 -13.4693037070
-23.5820528395 -105.943426386 -13.4764477291
-23.7835356054 -105.840485494 -13.4693037070
-22.2447496852 -79.8781671095 -13.2991092462
-22.1064301207 -79.8372412437 -13.3030759885
-22.2447496852 -79.8781671095 -13.2991092462
-35.9653694815 -59.6631091407 -12.7016586663
-35.9653694815 -59.6631091407 -14.7016586663
-22.2447496852 -79.8781671095 -15.2991092462
-22.1064301207 -79.8372412437 -15.3030759885
-22.2447496852 -79.8781671095 -15.2991092462
-23.7835356054 -105.840485494 -15.4693037070
-23.5820528395 -105.943426386 -15.4764477291
-23.7835356054 -105.840485494 -15.4693037070
-39.7819662565 -119.757200066 -15.0876606462
-39.7819662565 -119.757200066 -17.0876606462
-23.7835356054 -105.840485494 -17.4693037070
-23.5820528395 -105.943426386 -17.4764477291
-23.7835356054 -105.840485494 -17.4693037070
-22.2447496852 -79.8781671095 -17.2991092462
-22.1064301207 -79.8372412437 -17.3030759885
-22.2447496852 -79.8781671095 -17.2991092462
-35.9653694815 -59.6631091407 -16.7016586663
-35.9653694815 -59.6631091407 -18.7016586663
-22.2447496852 -79.8781671095 -19.2991092462
-22.1064301207 -79.8372412437 -19.3030759885
-22.2447496852 -79.8781671095 -19.2991092462
-23.7835356054 -105.840485494 -19.4693037070
-23.5820528395 -105.943426386 -19.4764477291
-23.7835356054 -105.840485494 -19.4693037070
-39.7819662565 -119.757200066 -19.0876606462
-39.7819662565 -119.757200066 -21.0876606462
-23.7835356054 -105.840485494 -21.4693037070
-23.5820528395 -105.943426386 -21.4764477291
-23.7835356054 -105.840485494 -21.4693037070
-22.2447496852 -79.8781671095 -21.2991092462
-22.1064301207 -79.8372412437 -21.3030759885
-22.2447496852 -79.8781671095 -21.2991092462
-35.9653694815 -59.6631091407 -20.7016586663
-35.9653694815 -59.6631091407 -22.7016586663
-22.2447496852 -79.8781671095 -23.2991092462
-22.1064301207 -79.8372412437 -23.3030759885
-22.2447496852 -79.8781671095 -23.2991092462
-23.7835356054 -105.840485494 -23.4693037070
-23.5820528395 -105.943426386 -23.4764477291
-23.7835356054 -105.840485494 -23.4693037070
-39.7819662565 -119.757200066 -23.0876606462
-39.7819662565 -119.757200066 -25.0876606462
-23.7835356054 -105.840485494 -25.4693037070
-23.5820528395 -105.943426386 -25.4764477291
-23.7835356054 -105.840485494 -25.4693037070
-22.2447496852 -79.8781671095 -25.2991092462
-22.1064301207 -79.8372412437 -25.3030759885
-22.2447496852 -79.8781671095 -25.2991092462
-35.9653694815 -59.6631091407 -24.7016586663
-35.9653694815 -59.6631091407 -26.7016586663
-22.2447496852 -79.8781671095 -27.2991092462
-22.1064301207 -79.8372412437 -27.3030759885
-22.2447496852 -79.8781671095 -27.2991092462
-23.7835356054 -105.840485494 -27.4693037070
-23.5820528395 -105.943426386 -27.4764477291
-23.7835356054 -105.840485494 -27.4693037070
-39.7819662565 -119.757200066 -27.0876606462
-39.7819662565 -119.757200066 -29.0876606462
-23.7835356054 -105.840485494 -29.4693037070
-23.5820528395 -105.943426386 -29.4764477291
-23.7835356054 -105.840485494 -29.4693037070
-22.2447496852 -79.8781671095 -29.2991092462
-22.1064301207 -79.8372412437 -29.3030759885
-22.2447496852 -79.8781671095 -29.2991092462
-35.9653694815 -59.6631091407 -28.7016586663
-35.9653694815 -59.6631091407 -30.7016586663
-22.2447496852 -79.8781671095 -31.2991092462
-22.1064301207 -79.8372412437 -31.3030759885
-22.2447496852 -79.8781671095 -31.2991092462
-23.7835356054 -105.840485494 -31.4693037070
-23.5820528395 -105.943426386 -31.4764477291
-23.7835356054 -105.840485494 -31.4693037070
-39.7819662565 -119.757200066 -31.0876606462
-39.7819662565 -119.757200066 -33.0876606462
-23.7835356054 -105.840485494 -33.4693037070
-23.5820528395 -105.943426386 -33.4764477291
-23.7835356054 -105.840485494 -33.4693037070
-22.2447496852 -79.8781671095 -33.2991092462
-22.1064301207 -79.8372412437 -33.3030759885
-22.2447496852 -79.8781671095 -33.2991092462
-35.9653694815 -59.6631091407 -32.7016586663
-35.9653694815 -59.6631091407 -34.7016586663
-22.2447496852 -79.8781671095 -35.2991092462
-22.1064301207 -79.8372412437 -35.3030759885
-22.2447496852 -79.8781671095 -35.2991092462
-23.7835356054 -105.840485494 -35.4693037070
-23.5820528395 -105.943426386 -35.4764477291
-23.7835356054 -105.840485494 -35.4693037070
-39.7819662565 -119.757200066 -35.0876606462
-39.7819662565 -119.757200066 -37.0876606462
-23.7835356054 -105.840485494 -37.4693037070
-23.5820528395 -105.943426386 -37.4764477291
-23.7835356054 -105.840485494 -37.4693037070
-22.2447496852 -79.8781671095 -37.2991092462
-22.1064301207 -79.8372412437 -37.3030759885
-22.2447496852 -79.8781671095 -37.2991092462
-35.9653694815 -59.6631091407 -36.7016586663
-35.9653694815 -59.6631091407 -38.7016586663
-22.2447496852 -79.8781671095 -39.2991092462
-22.1064301207 -79.8372412437 -39.3030759885
-22.2447496852 -79.8781671095 -39.2991092462
-23.7835356054 -105.840485494 -39.4693037070
-23.5820528395 -105.943426386 -39.4764477291
-23.7835356054 -105.840485494 -39.4693037070
-39.7819662565 -119.757200066 -39.0876606462
-39.7819662565 -119.757200066 -41.0876606462
-23.7835356054 -105.840485494 -41.4693037070
-23.5820528395 -105.943426386 -41.4764477291
-23.7835356054 -105.840485494 -41.4693037070
-22.2447496852 -79.8781671095 -41.2991092462
-22.1064301207 -79.8372412437 -41.3030759885
-22.2447496852 -79.8781671095 -41.2991092462
