-20.8292969637 -104.367335320 6.30038960202
-20.4965299207 -98.7529065644 6.33719466158
4.04462367250 -104.196104303 5.52665162463
4.37739071551 -98.5816755480 5.56345668419
-20.1637628777 -93.1384778089 6.37399972114
-19.8309958347 -87.5240490535 6.41080478069
4.71015775853 -92.9672467926 5.60026174375
5.04292480154 -87.3528180371 5.63706680331
-19.4982287916 -81.9096202980 6.44760984025
-19.4982287916 -81.9096202980 4.44760984025
5.04292480154 -87.3528180371 3.63706680331
4.71015775853 -92.9672467926 3.60026174375
-19.8309958347 -87.5240490535 4.41080478069
-20.1637628777 -93.1384778089 4.37399972114
4.37739071551 -98.5816755480 3.56345668419
4.04462367250 -104.196104303 3.52665162463
-20.4965299207 -98.7529065644 4.33719466158
-20.8292969637 -104.367335320 4.30038960202
3.71185662948 -109.810533059 3.48984656507
3.71185662948 -109.810533059 1.48984656507
-20.8292969637 -104.367335320 2.30038960202
-20.4965299207 -98.7529065644 2.33719466158
4.04462367250 -104.196104303 1.52665162463
4.37739071551 -98.5816755480 1.56345668419
-20.1637628777 -93.1384778089 2.37399972114
-19.8309958347 -87.5240490535 2.41080478069
4.71015775853 -92.9672467926 1.60026174375
5.04292480154 -87.3528180371 1.63706680331
-19.4982287916 -81.9096202980 2.44760984025
-19.4982287916 -81.9096202980 0.447609840253
5.04292480154 -87.3528180371 -0.362933196695
4.71015775853 -92.9672467926 -0.399738256254
-19.8309958347 -87.5240490535 0.410804780694
-20.1637628777 -93.1384778089 0.373999721136
4.37739071551 -98.5816755480 -0.436543315812
4.04462367250 -104.196104303 -0.473348375371
-20.4965299207 -98.7529065644 0.337194661577
-20.8292969637 -104.367335320 0.300389602018
3.71185662948 -109.810533059 -0.51015343493
3.71185662948 -109.810533059 -2.51015343493
-20.8292969637 -104.367335320 -1.69961039798
-20.4965299207 -98.7529065644 -1.66280533842
4.04462367250 -104.196104303 -2.47334837537
4.37739071551 -98.5816755480 -2.43654331581
-20.1637628777 -93.1384778089 -1.62600027886
-19.8309958347 -87.5240490535 -1.58919521931
4.71015775853 -92.9672467926 -2.39973825625
5.04292480154 -87.3528180371 -2.36293319669
-19.4982287916 -81.9096202980 -1.55239015975
-19.4982287916 -81.9096202980 -3.55239015975
5.04292480154 -87.3528180371 -4.36293319669
4.71015775853 -92.9672467926 -4.39973825625
-19.8309958347 -87.5240490535 -3.58919521931
-20.1637628777 -93.1384778089 -3.62600027886
4.37739071551 -98.5816755480 -4.43654331581
4.04462367250 -104.196104303 -4.47334837537
-20.4965299207 -98.7529065644 -3.66280533842
-20.8292969637 -104.367335320 -3.69961039798
3.71185662948 -109.810533059 -4.51015343493
3.71185662948 -109.810533059 -6.51015343493
-20.8292969637 -104.367335320 -5.69961039798
-20.4965299207 -98.7529065644 -5.66280533842
4.04462367250 -104.196104303 -6.47334837537
4.37739071551 -98.5816755480 -6.43654331581
-20.1637628777 -93.1384778089 -5.62600027886
-19.8309958347 -87.5240490535 -5.58919521931
4.71015775853 -92.9672467926 -6.39973825625
5.04292480154 -87.3528180371 -6.36293319669
-19.4982287916 -81.9096202980 -5.55239015975
-19.4982287916 -81.9096202980 -7.55239015975
5.04292480154 -87.3528180371 -8.36293319669
4.71015775853 -92.9672467926 -8.39973825625
-19.8309958347 -87.5240490535 -7.58919521931
-20.1637628777 -93.1384778089 -7.62600027886
4.37739071551 -98.5816755480 -8.43654331581
4.04462367250 -104.196104303 -8.47334837537
-20.4965299207 -98.7529065644 -7.66280533842
-20.8292969637 -104.367335320 -7.69961039798
3.71185662948 -109.810533059 -8.51015343493
3.71185662948 -109.810533059 -10.5101534349
-20.8292969637 -104.367335320 -9.69961039798
-20.4965299207 -98.7529065644 -9.66280533842
4.04462367250 -104.196104303 -10.4733483754
4.37739071551 -98.5816755480 -10.4365433158
-20.1637628777 -93.1384778089 -9.62600027886
-19.8309958347 -87.5240490535 -9.58919521931
4.71015775853 -92.9672467926 -10.3997382563
5.04292480154 -87.3528180371 -10.3629331967
-19.4982287916 -81.9096202980 -9.55239015975
-19.4982287916 -81.9096202980 -11.5523901597
5.04292480154 -87.3528180371 -12.3629331967
4.71015775853 -92.9672467926 -12.3997382563
-19.8309958347 -87.5240490535 -11.5891952193
-20.1637628777 -93.1384778089 -11.6260002789
4.37739071551 -98.5816755480 -12.4365433158
4.04462367250 -104.196104303 -12.4733483754
-20.4965299207 -98.7529065644 -11.6628053384
-20.8292969637 -104.367335320 -11.6996103980
3.71185662948 -109.810533059 -12.5101534349
3.71185662948 -109.810533059 -14.5101534349
-20.8292969637 -104.367335320 -13.6996103980
-20.4965299207 -98.7529065644 -13.6628053384
4.04462367250 -104.196104303 -14.4733483754
4.37739071551 -98.5816755480 -14.4365433158
-20.1637628777 -93.1384778089 -13.6260002789
-19.8309958347 -87.5240490535 -13.5891952193
4.71015775853 -92.9672467926 -14.3997382563
5.04292480154 -87.3528180371 -14.3629331967
-19.4982287916 -81.9096202980 -13.5523901597
-19.4982287916 -81.9096202980 -15.5523901597
5.04292480154 -87.3528180371 -16.3629331967
4.71015775853 -92.9672467926 -16.3997382563
-19.8309958347 -87.5240490535 -15.5891952193
-20.1637628777 -93.1384778089 -15.6260002789
4.37739071551 -98.5816755480 -16.4365433158
4.04462367250 -104.196104303 -16.4733483754
-20.4965299207 -98.7529065644 -15.6628053384
-20.8292969637 -104.367335320 -15.6996103980
3.71185662948 -109.810533059 -16.5101534349
3.71185662948 -109.810533059 -18.5101534349
-20.8292969637 -104.367335320 -17.6996103980
-20.4965299207 -98.7529065644 -17.6628053384
4.04462367250 -104.196104303 -18.4733483754
4.37739071551 -98.5816755480 -18.4365433158
-20.1637628777 -93.1384778089 -17.6260002789
-19.8309958347 -87.5240490535 -17.5891952193
4.71015775853 -92.9672467926 -18.3997382563
5.04292480154 -87.3528180371 -18.3629331967
-19.4982287916 -81.9096202980 -17.5523901597
-19.4982287916 -81.9096202980 -19.5523901597
5.04292480154 -87.3528180371 -20.3629331967
4.71015775853 -92.9672467926 -20.3997382563
-19.8309958347 -87.5240490535 -19.5891952193
-20.1637628777 -93.1384778089 -19.6260002789
4.37739071551 -98.5816755480 -20.4365433158
4.04462367250 -104.196104303 -20.4733483754
-20.4965299207 -98.7529065644 -19.6628053384
-20.8292969637 -104.367335320 -19.6996103980
