
78.149 17.683 -4.524, 77.929 17.44 -4.524, 78.149 17.683 -4.524, 109.035 16.921 -4.524, 109.037 16.918 -4.524, 109.035 16.921 -4.524, 150.316 39.558 -4.524, 
150.316 39.558 -6.024, 109.035 16.921 -6.024, 109.037 16.918 -6.024, 109.035 16.921 -6.024, 78.149 17.683 -6.024, 77.929 17.44 -6.024, 78.149 17.683 -6.024, 66.328 46.441 -6.024, 
66.328 46.441 -7.524, 78.149 17.683 -7.524, 77.929 17.44 -7.524, 78.149 17.683 -7.524, 109.035 16.921 -7.524, 109.037 16.918 -7.524, 109.035 16.921 -7.524, 150.316 39.558 -7.524, 
150.316 39.558 -9.024, 109.035 16.921 -9.024, 109.037 16.918 -9.024, 109.035 16.921 -9.024, 78.149 17.683 -9.024, 77.929 17.44 -9.024, 78.149 17.683 -9.024, 66.328 46.441 -9.024, 
66.328 46.441 -10.524, 78.149 17.683 -10.524, 77.929 17.44 -10.524, 78.149 17.683 -10.524, 109.035 16.921 -10.524, 109.037 16.918 -10.524, 109.035 16.921 -10.524, 150.316 39.558 -10.524, 
150.316 39.558 -12.024, 109.035 16.921 -12.024, 109.037 16.918 -12.024, 109.035 16.921 -12.024, 78.149 17.683 -12.024, 77.929 17.44 -12.024, 78.149 17.683 -12.024, 66.328 46.441 -12.024, 
66.328 46.441 -13.524, 78.149 17.683 -13.524, 77.929 17.44 -13.524, 78.149 17.683 -13.524, 109.035 16.921 -13.524, 109.037 16.918 -13.524, 109.035 16.921 -13.524, 150.316 39.558 -13.524, 
150.316 39.558 -15.024, 109.035 16.921 -15.024, 109.037 16.918 -15.024, 109.035 16.921 -15.024, 78.149 17.683 -15.024, 77.929 17.44 -15.024, 78.149 17.683 -15.024, 66.328 46.441 -15.024, 
66.328 46.441 -16.524, 78.149 17.683 -16.524, 77.929 17.44 -16.524, 78.149 17.683 -16.524, 109.035 16.921 -16.524, 109.037 16.918 -16.524, 109.035 16.921 -16.524, 150.316 39.558 -16.524, 
150.316 39.558 -18.024, 109.035 16.921 -18.024, 109.037 16.918 -18.024, 109.035 16.921 -18.024, 78.149 17.683 -18.024, 77.929 17.44 -18.024, 78.149 17.683 -18.024, 66.328 46.441 -18.024, 
66.328 46.441 -19.524, 78.149 17.683 -19.524, 77.929 17.44 -19.524, 78.149 17.683 -19.524, 109.035 16.921 -19.524, 109.037 16.918 -19.524, 109.035 16.921 -19.524, 150.316 39.558 -19.524, 
150.316 39.558 -21.024, 109.035 16.921 -21.024, 109.037 16.918 -21.024, 109.035 16.921 -21.024, 78.149 17.683 -21.024, 77.929 17.44 -21.024, 78.149 17.683 -21.024, 66.328 46.441 -21.024, 
66.328 46.441 -22.524, 78.149 17.683 -22.524, 77.929 17.44 -22.524, 78.149 17.683 -22.524, 109.035 16.921 -22.524, 109.037 16.918 -22.524, 109.035 16.921 -22.524, 150.316 39.558 -22.524, 
150.316 39.558 -24.024, 109.035 16.921 -24.024, 109.037 16.918 -24.024, 109.035 16.921 -24.024, 78.149 17.683 -24.024, 77.929 17.44 -24.024, 78.149 17.683 -24.024, 66.328 46.441 -24.024, 
66.328 46.441 -25.524, 78.149 17.683 -25.524, 77.929 17.44 -25.524, 78.149 17.683 -25.524, 109.035 16.921 -25.524, 109.037 16.918 -25.524, 109.035 16.921 -25.524, 150.316 39.558 -25.524, 
150.316 39.558 -27.024, 109.035 16.921 -27.024, 109.037 16.918 -27.024, 109.035 16.921 -27.024, 78.149 17.683 -27.024, 77.929 17.44 -27.024, 78.149 17.683 -27.024, 66.328 46.441 -27.024, 
66.328 46.441 -28.524, 78.149 17.683 -28.524, 77.929 17.44 -28.524, 78.149 17.683 -28.524, 109.035 16.921 -28.524, 109.037 16.918 -28.524, 109.035 16.921 -28.524, 150.316 39.558 -28.524, 
150.316 39.558 -30.024, 109.035 16.921 -30.024, 109.037 16.918 -30.024, 109.035 16.921 -30.024, 78.149 17.683 -30.024, 77.929 17.44 -30.024, 78.149 17.683 -30.024, 66.328 46.441 -30.024, 
66.328 46.441 -31.524, 78.149 17.683 -31.524, 77.929 17.44 -31.524, 78.149 17.683 -31.524, 109.035 16.921 -31.524, 109.037 16.918 -31.524, 109.035 16.921 -31.524, 150.316 39.558 -31.524, 
150.316 39.558 -33.024, 109.035 16.921 -33.024, 109.037 16.918 -33.024, 109.035 16.921 -33.024, 78.149 17.683 -33.024, 77.929 17.44 -33.024, 78.149 17.683 -33.024, 66.328 46.441 -33.024, 
66.328 46.441 -34.524, 78.149 17.683 -34.524, 77.929 17.44 -34.524, 78.149 17.683 -34.524, 109.035 16.921 -34.524, 109.037 16.918 -34.524, 109.035 16.921 -34.524, 150.316 39.558 -34.524, 
150.316 39.558 -36.024, 109.035 16.921 -36.024, 109.037 16.918 -36.024, 109.035 16.921 -36.024, 78.149 17.683 -36.024, 77.929 17.44 -36.024, 78.149 17.683 -36.024, 66.328 46.441 -36.024, 
66.328 46.441 -37.524, 78.149 17.683 -37.524, 77.929 17.44 -37.524, 78.149 17.683 -37.524, 109.035 16.921 -37.524, 109.037 16.918 -37.524, 109.035 16.921 -37.524, 150.316 39.558 -37.524, 
150.316 39.558 -39.024, 109.035 16.921 -39.024, 109.037 16.918 -39.024, 109.035 16.921 -39.024, 78.149 17.683 -39.024, 77.929 17.44 -39.024, 78.149 17.683 -39.024, 66.328 46.441 -39.024, 
66.328 46.441 -40.524, 78.149 17.683 -40.524, 77.929 17.44 -40.524, 78.149 17.683 -40.524, 109.035 16.921 -40.524, 109.037 16.918 -40.524, 109.035 16.921 -40.524, 150.316 39.558 -40.524, 
150.316 39.558 -42.024, 109.035 16.921 -42.024, 109.037 16.918 -42.024, 109.035 16.921 -42.024, 78.149 17.683 -42.024, 77.929 17.44 -42.024, 78.149 17.683 -42.024, 66.328 46.441 -42.024, 
66.328 46.441 -43.524, 78.149 17.683 -43.524, 77.929 17.44 -43.524, 78.149 17.683 -43.524, 109.035 16.921 -43.524, 109.037 16.918 -43.524, 109.035 16.921 -43.524, 150.316 39.558 -43.524, 
150.316 39.558 -45.024, 109.035 16.921 -45.024, 109.037 16.918 -45.024, 109.035 16.921 -45.024, 78.149 17.683 -45.024, 77.929 17.44 -45.024, 78.149 17.683 -45.024, 66.328 46.441 -45.024, 
66.328 46.441 -46.524, 78.149 17.683 -46.524, 77.929 17.44 -46.524, 78.149 17.683 -46.524, 109.035 16.921 -46.524, 109.037 16.918 -46.524, 109.035 16.921 -46.524, 150.316 39.558 -46.524, 
150.316 39.558 -48.024, 109.035 16.921 -48.024, 109.037 16.918 -48.024, 109.035 16.921 -48.024, 78.149 17.683 -48.024, 77.929 17.44 -48.024, 78.149 17.683 -48.024, 66.328 46.441 -48.024, 
66.328 46.441 -49.524, 78.149 17.683 -49.524, 77.929 17.44 -49.524, 78.149 17.683 -49.524, 109.035 16.921 -49.524, 109.037 16.918 -49.524, 109.035 16.921 -49.524, 150.316 39.558 -49.524, 
150.316 39.558 -51.024, 109.035 16.921 -51.024, 109.037 16.918 -51.024, 109.035 16.921 -51.024, 78.149 17.683 -51.024, 77.929 17.44 -51.024, 78.149 17.683 -51.024, 66.328 46.441 -51.024, 
66.328 46.441 -52.524, 78.149 17.683 -52.524, 77.929 17.44 -52.524, 78.149 17.683 -52.524, 109.035 16.921 -52.524, 109.037 16.918 -52.524, 109.035 16.921 -52.524, 150.316 39.558 -52.524, 
150.316 39.558 -54.024, 109.035 16.921 -54.024, 109.037 16.918 -54.024, 109.035 16.921 -54.024, 78.149 17.683 -54.024, 77.929 17.44 -54.024, 78.149 17.683 -54.024, 66.328 46.441 -54.024, 
66.328 46.441 -55.524, 78.149 17.683 -55.524, 77.929 17.44 -55.524, 78.149 17.683 -55.524, 109.035 16.921 -55.524, 109.037 16.918 -55.524, 109.035 16.921 -55.524, 150.316 39.558 -55.524, 
150.316 39.558 -57.024, 109.035 16.921 -57.024, 109.037 16.918 -57.024, 109.035 16.921 -57.024, 78.149 17.683 -57.024, 77.929 17.44 -57.024, 78.149 17.683 -57.024, 66.328 46.441 -57.024, 
66.328 46.441 -58.524, 78.149 17.683 -58.524, 77.929 17.44 -58.524, 78.149 17.683 -58.524, 109.035 16.921 -58.524, 109.037 16.918 -58.524, 109.035 16.921 -58.524, 150.316 39.558 -58.524, 
150.316 39.558 -60.024, 109.035 16.921 -60.024, 109.037 16.918 -60.024, 109.035 16.921 -60.024, 78.149 17.683 -60.024, 77.929 17.44 -60.024, 78.149 17.683 -60.024, 66.328 46.441 -60.024, 
66.328 46.441 -61.524, 78.149 17.683 -61.524, 77.929 17.44 -61.524, 78.149 17.683 -61.524, 109.035 16.921 -61.524, 109.037 16.918 -61.524, 109.035 16.921 -61.524, 150.316 39.558 -61.524, 
150.316 39.558 -63.024, 109.035 16.921 -63.024, 109.037 16.918 -63.024, 109.035 16.921 -63.024, 78.149 17.683 -63.024, 77.929 17.44 -63.024, 78.149 17.683 -63.024, 66.328 46.441 -63.024, 
66.328 46.441 -64.524, 78.149 17.683 -64.524, 77.929 17.44 -64.524, 78.149 17.683 -64.524, 109.035 16.921 -64.524, 109.037 16.918 -64.524, 109.035 16.921 -64.524, 150.316 39.558 -64.524, 
150.316 39.558 -66.024, 109.035 16.921 -66.024, 109.037 16.918 -66.024, 109.035 16.921 -66.024, 78.149 17.683 -66.024, 77.929 17.44 -66.024, 78.149 17.683 -66.024, 66.328 46.441 -66.024, 
66.328 46.441 -67.524, 78.149 17.683 -67.524, 77.929 17.44 -67.524, 78.149 17.683 -67.524, 109.035 16.921 -67.524, 109.037 16.918 -67.524, 109.035 16.921 -67.524, 150.316 39.558 -67.524, 
150.316 39.558 -69.024, 109.035 16.921 -69.024, 109.037 16.918 -69.024, 109.035 16.921 -69.024, 78.149 17.683 -69.024, 77.929 17.44 -69.024, 78.149 17.683 -69.024, 66.328 46.441 -69.024, 
66.328 46.441 -70.524, 78.149 17.683 -70.524, 77.929 17.44 -70.524, 78.149 17.683 -70.524, 109.035 16.921 -70.524, 109.037 16.918 -70.524, 109.035 16.921 -70.524, 150.316 39.558 -70.524, 
150.316 39.558 -72.024, 109.035 16.921 -72.024, 109.037 16.918 -72.024, 109.035 16.921 -72.024, 78.149 17.683 -72.024, 77.929 17.44 -72.024, 78.149 17.683 -72.024, 66.328 46.441 -72.024, 
66.328 46.441 -73.524, 78.149 17.683 -73.524, 77.929 17.44 -73.524, 78.149 17.683 -73.524, 109.035 16.921 -73.524, 109.037 16.918 -73.524, 109.035 16.921 -73.524, 