
78.92 15.137 6.863, 84.656 14.996 6.863, 63.311 -16.58 6.863, 69.046 -16.721 6.863, 90.391 14.854 6.863, 96.126 14.713 6.863, 74.782 -16.863 6.863, 80.517 -17.004 6.863, 101.862 14.571 6.863, 107.597 14.43 6.863, 86.253 -17.146 6.863, 
86.253 -17.146 5.363, 107.597 14.43 5.363, 101.862 14.571 5.363, 80.517 -17.004 5.363, 74.782 -16.863 5.363, 96.126 14.713 5.363, 90.391 14.854 5.363, 69.046 -16.721 5.363, 63.311 -16.58 5.363, 84.656 14.996 5.363, 78.92 15.137 5.363, 57.576 -16.438 5.363, 
57.576 -16.438 3.863, 78.92 15.137 3.863, 84.656 14.996 3.863, 63.311 -16.58 3.863, 69.046 -16.721 3.863, 90.391 14.854 3.863, 96.126 14.713 3.863, 74.782 -16.863 3.863, 80.517 -17.004 3.863, 101.862 14.571 3.863, 107.597 14.43 3.863, 86.253 -17.146 3.863, 
86.253 -17.146 2.363, 107.597 14.43 2.363, 101.862 14.571 2.363, 80.517 -17.004 2.363, 74.782 -16.863 2.363, 96.126 14.713 2.363, 90.391 14.854 2.363, 69.046 -16.721 2.363, 63.311 -16.58 2.363, 84.656 14.996 2.363, 78.92 15.137 2.363, 57.576 -16.438 2.363, 
57.576 -16.438 0.863, 78.92 15.137 0.863, 84.656 14.996 0.863, 63.311 -16.58 0.863, 69.046 -16.721 0.863, 90.391 14.854 0.863, 96.126 14.713 0.863, 74.782 -16.863 0.863, 80.517 -17.004 0.863, 101.862 14.571 0.863, 107.597 14.43 0.863, 86.253 -17.146 0.863, 
86.253 -17.146 -0.637, 107.597 14.43 -0.637, 101.862 14.571 -0.637, 80.517 -17.004 -0.637, 74.782 -16.863 -0.637, 96.126 14.713 -0.637, 90.391 14.854 -0.637, 69.046 -16.721 -0.637, 63.311 -16.58 -0.637, 84.656 14.996 -0.637, 78.92 15.137 -0.637, 57.576 -16.438 -0.637, 
57.576 -16.438 -2.137, 78.92 15.137 -2.137, 84.656 14.996 -2.137, 63.311 -16.58 -2.137, 69.046 -16.721 -2.137, 90.391 14.854 -2.137, 96.126 14.713 -2.137, 74.782 -16.863 -2.137, 80.517 -17.004 -2.137, 101.862 14.571 -2.137, 107.597 14.43 -2.137, 86.253 -17.146 -2.137, 
86.253 -17.146 -3.637, 107.597 14.43 -3.637, 101.862 14.571 -3.637, 80.517 -17.004 -3.637, 74.782 -16.863 -3.637, 96.126 14.713 -3.637, 90.391 14.854 -3.637, 69.046 -16.721 -3.637, 63.311 -16.58 -3.637, 84.656 14.996 -3.637, 78.92 15.137 -3.637, 57.576 -16.438 -3.637, 
57.576 -16.438 -5.137, 78.92 15.137 -5.137, 84.656 14.996 -5.137, 63.311 -16.58 -5.137, 69.046 -16.721 -5.137, 90.391 14.854 -5.137, 96.126 14.713 -5.137, 74.782 -16.863 -5.137, 80.517 -17.004 -5.137, 101.862 14.571 -5.137, 107.597 14.43 -5.137, 86.253 -17.146 -5.137, 
86.253 -17.146 -6.637, 107.597 14.43 -6.637, 101.862 14.571 -6.637, 80.517 -17.004 -6.637, 74.782 -16.863 -6.637, 96.126 14.713 -6.637, 90.391 14.854 -6.637, 69.046 -16.721 -6.637, 63.311 -16.58 -6.637, 84.656 14.996 -6.637, 78.92 15.137 -6.637, 57.576 -16.438 -6.637, 
57.576 -16.438 -8.137, 78.92 15.137 -8.137, 84.656 14.996 -8.137, 63.311 -16.58 -8.137, 69.046 -16.721 -8.137, 90.391 14.854 -8.137, 96.126 14.713 -8.137, 74.782 -16.863 -8.137, 80.517 -17.004 -8.137, 101.862 14.571 -8.137, 107.597 14.43 -8.137, 86.253 -17.146 -8.137, 
86.253 -17.146 -9.637, 107.597 14.43 -9.637, 101.862 14.571 -9.637, 80.517 -17.004 -9.637, 74.782 -16.863 -9.637, 96.126 14.713 -9.637, 90.391 14.854 -9.637, 69.046 -16.721 -9.637, 63.311 -16.58 -9.637, 84.656 14.996 -9.637, 78.92 15.137 -9.637, 57.576 -16.438 -9.637, 
57.576 -16.438 -11.137, 78.92 15.137 -11.137, 84.656 14.996 -11.137, 63.311 -16.58 -11.137, 69.046 -16.721 -11.137, 90.391 14.854 -11.137, 96.126 14.713 -11.137, 74.782 -16.863 -11.137, 80.517 -17.004 -11.137, 101.862 14.571 -11.137, 107.597 14.43 -11.137, 86.253 -17.146 -11.137, 
86.253 -17.146 -12.637, 107.597 14.43 -12.637, 101.862 14.571 -12.637, 80.517 -17.004 -12.637, 74.782 -16.863 -12.637, 96.126 14.713 -12.637, 90.391 14.854 -12.637, 69.046 -16.721 -12.637, 63.311 -16.58 -12.637, 84.656 14.996 -12.637, 78.92 15.137 -12.637, 57.576 -16.438 -12.637, 
57.576 -16.438 -14.137, 78.92 15.137 -14.137, 84.656 14.996 -14.137, 63.311 -16.58 -14.137, 69.046 -16.721 -14.137, 90.391 14.854 -14.137, 96.126 14.713 -14.137, 74.782 -16.863 -14.137, 80.517 -17.004 -14.137, 101.862 14.571 -14.137, 107.597 14.43 -14.137, 86.253 -17.146 -14.137, 
86.253 -17.146 -15.637, 107.597 14.43 -15.637, 101.862 14.571 -15.637, 80.517 -17.004 -15.637, 74.782 -16.863 -15.637, 96.126 14.713 -15.637, 90.391 14.854 -15.637, 69.046 -16.721 -15.637, 63.311 -16.58 -15.637, 84.656 14.996 -15.637, 78.92 15.137 -15.637, 57.576 -16.438 -15.637, 
57.576 -16.438 -17.137, 78.92 15.137 -17.137, 84.656 14.996 -17.137, 63.311 -16.58 -17.137, 69.046 -16.721 -17.137, 90.391 14.854 -17.137, 96.126 14.713 -17.137, 74.782 -16.863 -17.137, 80.517 -17.004 -17.137, 101.862 14.571 -17.137, 107.597 14.43 -17.137, 86.253 -17.146 -17.137, 
86.253 -17.146 -18.637, 107.597 14.43 -18.637, 101.862 14.571 -18.637, 80.517 -17.004 -18.637, 74.782 -16.863 -18.637, 96.126 14.713 -18.637, 90.391 14.854 -18.637, 69.046 -16.721 -18.637, 63.311 -16.58 -18.637, 84.656 14.996 -18.637, 78.92 15.137 -18.637, 57.576 -16.438 -18.637, 
57.576 -16.438 -20.137, 78.92 15.137 -20.137, 84.656 14.996 -20.137, 63.311 -16.58 -20.137, 69.046 -16.721 -20.137, 90.391 14.854 -20.137, 96.126 14.713 -20.137, 74.782 -16.863 -20.137, 80.517 -17.004 -20.137, 101.862 14.571 -20.137, 107.597 14.43 -20.137, 86.253 -17.146 -20.137, 
86.253 -17.146 -21.637, 107.597 14.43 -21.637, 101.862 14.571 -21.637, 80.517 -17.004 -21.637, 74.782 -16.863 -21.637, 96.126 14.713 -21.637, 90.391 14.854 -21.637, 69.046 -16.721 -21.637, 63.311 -16.58 -21.637, 84.656 14.996 -21.637, 78.92 15.137 -21.637, 57.576 -16.438 -21.637, 
57.576 -16.438 -23.137, 78.92 15.137 -23.137, 84.656 14.996 -23.137, 63.311 -16.58 -23.137, 69.046 -16.721 -23.137, 90.391 14.854 -23.137, 96.126 14.713 -23.137, 74.782 -16.863 -23.137, 80.517 -17.004 -23.137, 101.862 14.571 -23.137, 107.597 14.43 -23.137, 86.253 -17.146 -23.137, 
86.253 -17.146 -24.637, 107.597 14.43 -24.637, 101.862 14.571 -24.637, 80.517 -17.004 -24.637, 74.782 -16.863 -24.637, 96.126 14.713 -24.637, 90.391 14.854 -24.637, 69.046 -16.721 -24.637, 63.311 -16.58 -24.637, 84.656 14.996 -24.637, 78.92 15.137 -24.637, 57.576 -16.438 -24.637, 
57.576 -16.438 -26.137, 78.92 15.137 -26.137, 84.656 14.996 -26.137, 63.311 -16.58 -26.137, 69.046 -16.721 -26.137, 90.391 14.854 -26.137, 96.126 14.713 -26.137, 74.782 -16.863 -26.137, 80.517 -17.004 -26.137, 101.862 14.571 -26.137, 107.597 14.43 -26.137, 86.253 -17.146 -26.137, 
86.253 -17.146 -27.637, 107.597 14.43 -27.637, 101.862 14.571 -27.637, 80.517 -17.004 -27.637, 74.782 -16.863 -27.637, 96.126 14.713 -27.637, 90.391 14.854 -27.637, 69.046 -16.721 -27.637, 63.311 -16.58 -27.637, 84.656 14.996 -27.637, 78.92 15.137 -27.637, 57.576 -16.438 -27.637, 
57.576 -16.438 -29.137, 78.92 15.137 -29.137, 84.656 14.996 -29.137, 63.311 -16.58 -29.137, 69.046 -16.721 -29.137, 90.391 14.854 -29.137, 96.126 14.713 -29.137, 74.782 -16.863 -29.137, 80.517 -17.004 -29.137, 101.862 14.571 -29.137, 107.597 14.43 -29.137, 86.253 -17.146 -29.137, 
86.253 -17.146 -30.637, 107.597 14.43 -30.637, 101.862 14.571 -30.637, 80.517 -17.004 -30.637, 74.782 -16.863 -30.637, 96.126 14.713 -30.637, 90.391 14.854 -30.637, 69.046 -16.721 -30.637, 63.311 -16.58 -30.637, 84.656 14.996 -30.637, 78.92 15.137 -30.637, 57.576 -16.438 -30.637, 
57.576 -16.438 -32.137, 78.92 15.137 -32.137, 84.656 14.996 -32.137, 63.311 -16.58 -32.137, 69.046 -16.721 -32.137, 90.391 14.854 -32.137, 96.126 14.713 -32.137, 74.782 -16.863 -32.137, 80.517 -17.004 -32.137, 101.862 14.571 -32.137, 107.597 14.43 -32.137, 86.253 -17.146 -32.137, 
86.253 -17.146 -33.637, 107.597 14.43 -33.637, 101.862 14.571 -33.637, 80.517 -17.004 -33.637, 74.782 -16.863 -33.637, 96.126 14.713 -33.637, 90.391 14.854 -33.637, 69.046 -16.721 -33.637, 63.311 -16.58 -33.637, 84.656 14.996 -33.637, 78.92 15.137 -33.637, 57.576 -16.438 -33.637, 
57.576 -16.438 -35.137, 78.92 15.137 -35.137, 84.656 14.996 -35.137, 63.311 -16.58 -35.137, 69.046 -16.721 -35.137, 90.391 14.854 -35.137, 96.126 14.713 -35.137, 74.782 -16.863 -35.137, 80.517 -17.004 -35.137, 101.862 14.571 -35.137, 107.597 14.43 -35.137, 86.253 -17.146 -35.137, 
86.253 -17.146 -36.637, 107.597 14.43 -36.637, 101.862 14.571 -36.637, 80.517 -17.004 -36.637, 74.782 -16.863 -36.637, 96.126 14.713 -36.637, 90.391 14.854 -36.637, 69.046 -16.721 -36.637, 63.311 -16.58 -36.637, 84.656 14.996 -36.637, 78.92 15.137 -36.637, 57.576 -16.438 -36.637, 
57.576 -16.438 -38.137, 78.92 15.137 -38.137, 84.656 14.996 -38.137, 63.311 -16.58 -38.137, 69.046 -16.721 -38.137, 90.391 14.854 -38.137, 96.126 14.713 -38.137, 74.782 -16.863 -38.137, 80.517 -17.004 -38.137, 101.862 14.571 -38.137, 107.597 14.43 -38.137, 86.253 -17.146 -38.137, 
86.253 -17.146 -39.637, 107.597 14.43 -39.637, 101.862 14.571 -39.637, 80.517 -17.004 -39.637, 74.782 -16.863 -39.637, 96.126 14.713 -39.637, 90.391 14.854 -39.637, 69.046 -16.721 -39.637, 63.311 -16.58 -39.637, 84.656 14.996 -39.637, 78.92 15.137 -39.637, 57.576 -16.438 -39.637, 
57.576 -16.438 -41.137, 78.92 15.137 -41.137, 84.656 14.996 -41.137, 63.311 -16.58 -41.137, 69.046 -16.721 -41.137, 90.391 14.854 -41.137, 96.126 14.713 -41.137, 74.782 -16.863 -41.137, 80.517 -17.004 -41.137, 101.862 14.571 -41.137, 107.597 14.43 -41.137, 86.253 -17.146 -41.137, 
86.253 -17.146 -42.637, 107.597 14.43 -42.637, 101.862 14.571 -42.637, 80.517 -17.004 -42.637, 74.782 -16.863 -42.637, 96.126 14.713 -42.637, 90.391 14.854 -42.637, 69.046 -16.721 -42.637, 63.311 -16.58 -42.637, 84.656 14.996 -42.637, 78.92 15.137 -42.637, 